32.621077
48.237744
19.73591
2.34815
36.265658
20.261196
32.178754
50.622836
21.367351
24.476128
37.192814
55.088412
23.748904
55.342218
18.881566
93.768687
44.02032
60.373822
43.266793
73.866832
33.045127
34.119955
73.188052
51.118211
24.426699
49.443479
8.017111
36.15708
33.756905
96.262133
5.605839
17.327955
21.317192
22.171968
23.777733
68.25394
62.338578
33.537524
26.602044
18.073716
81.972123
93.114682
56.417319
52.077519
67.694039
4.791699
96.066031
31.342223
48.741941
91.531598
86.996988
63.759387
8.900015
23.008623
88.220978
71.99859
11.082882
98.969842
55.546131
93.008236
85.143842
89.706405
44.332083
67.265833
8.770089
64.595766
59.96272
87.142786
14.451713
99.731956
22.646371
14.42731
85.841985
71.448077
13.983601
91.997925
25.27803
75.63545
55.41878
85.197745
67.351962
42.638747
68.849858
58.289132
2.709886
24.435556
99.39748
59.974796
25.068246
9.5366
16.143886
19.180777
34.758872
77.054742
18.010673
1.296395
59.816303
88.398322
64.670574
86.175526
10.688405
98.986694
8.232853
81.198484
94.186387
2.376336
40.903168
31.634479
91.667117
11.577059
23.747788
44.597918
85.542136
64.715897
98.571556
91.764967
17.626789
57.981692
60.442226
37.849695
52.656194
61.578551
7.278647
50.962497
88.450056
63.339693
48.615209
44.531162
38.713302
96.481541
42.363321
53.978741
16.998234
35.169496
84.557065
39.165029
91.234633
10.624113
58.606615
24.345653
67.466251
15.407102
46.360898
51.929871
26.349754
82.428295
90.984023
47.211934
15.537797
72.856225
80.027564
10.720466
80.308162
70.819963
51.618215
50.189756
88.462301
79.568666
57.906734
85.19666
90.124286
69.052971
94.36223
26.305028
28.849195
16.643187
7.817787
17.331348
60.570708
11.177239
7.776447
3.867156
14.861571
26.421558
10.519051
23.76739
33.17242
18.946752
7.296096
98.663649
34.195382
79.360766
31.010446
29.940153
8.99685
5.866335
16.358399
51.293269
87.400234
78.04043
44.898286
27.772722
14.876813
84.085704
6.850529
43.843317
63.084394
6.047548
4.373455
44.890829
18.828307
80.523383
30.587957
50.629087
73.258912
26.704349
93.181745
68.513029
69.985592
59.609635
54.411191
50.963505
3.60561
2.388843
81.752133
36.730143
28.113293
27.333679
19.402687
54.361867
96.635428
82.33843
41.289752
82.307975
78.871955
0.449706
1.349669
7.797248
7.641036
30.914428
81.178997
78.891784
18.847749
39.95302
88.603148
45.837467
14.654516
52.003064
53.794691
33.744216
89.71569
57.640632
91.055438
80.318788
91.728238
38.648569
40.777746
76.975077
14.285436
71.03021
25.203209
79.026467
6.979742
73.457389
20.904203
53.412975
70.105332
83.851072
36.016255
58.750969
97.513247
51.198392
40.368681
55.411967
63.158721
97.668595
35.621683
32.802834
86.807384
55.256653
38.419828
80.326444
32.237007
55.688862
60.4211
48.483878
100.244225
33.031657
46.759148
69.203906
39.162142
3.41092
99.397777
2.993468
8.812352
66.44475
28.065668
28.204555
54.641666
42.744652
70.440881
5.917764
40.825885
98.782567
87.623428
61.387341
5.389895
83.019081
53.39404
69.543794
18.705613
14.780674
99.004819
34.578054
50.275234
48.997011
79.400629
30.166048
13.349544
33.108201
48.804203
35.307241
24.818821
5.151944
76.973283
24.070583
46.751922
59.05223
46.640045
88.312794
7.417231
96.079186
46.000668
59.923017
62.839867
48.913061
37.349235
96.340564
38.91993
86.16385
32.485459
65.261267
44.18201
1.879338
41.138877
65.226029
22.643745
8.597315
74.022667
37.772995
52.565374
86.384717
49.585738
60.533939
32.400423
8.326121
89.388218
34.973463
24.510137
15.902743
53.594421
33.19598
16.045812
51.296722
8.007236
33.9875
52.959952
21.534731
62.306204
81.512219
42.426214
66.582663
32.07758
62.723358
34.748963
75.098741
37.17144
21.312648
48.131874
25.737887
28.090569
22.262803
30.621894
76.135077
49.717387
0.88514
76.140342
49.063984
64.247206
64.68991
84.235045
17.439411
93.910375
17.77188
39.936711
82.667316
72.07291
83.049879
16.597843
2.56642
79.035202
84.329317
49.104393
28.422441
58.080753
35.748996
6.668536
65.345009
64.689808
92.249888
6.711367
79.456265
25.93208
18.987712
2.061113
45.699211
44.801056
66.880663
97.944593
44.884504
41.124956
21.010764
83.618748
14.562895
86.206001
98.588918
33.061685
17.813805
40.648344
100.079564
69.555081
56.659203
52.139421
73.558732
66.622697
29.325223
17.292855
74.18309
28.944708
60.373011
24.870712
56.623091
31.706489
56.500651
18.557106
69.46915
95.299996
68.680068
88.363632
82.918422
66.718193
1.156224
42.270205
73.140177
33.947812
63.448622
35.993729
98.397525
31.401539
27.803216
1.909443
97.21419
17.617673
65.731984
95.668678
0.20413
45.627189
67.911552
50.081954
72.326032
8.11821
79.827726
25.531023
35.7677
80.059341
92.393522
83.197164
94.970403
38.118377
30.866272
48.260824
83.875772
74.929047
37.774537
83.908143
72.559929
23.00231
68.066636
28.670795
60.272099
68.043695
28.146047
52.571152
99.816837
54.967634
96.860004
12.206326
81.322509
25.836872
76.635954
92.650385
17.711917
97.511066
78.385562
89.046038
43.771327
55.484999
6.299662
63.560296
0.836015
8.043522
8.9385
21.53402
38.893875
1.505054
71.623407
73.534658
5.039587
15.618941
44.511509
20.894503
10.757948
1.385987
92.304447
33.461383
22.215497
9.195887
76.204772
60.546976
60.530899
16.360176
54.292323
72.758913
0.199617
79.535633
16.516122
99.950586
7.712552
73.253083
14.814116
69.281378
35.047746
99.695249
86.54816
21.824995
55.126748
72.352113
98.898042
67.223231
81.021641
53.475215
20.414556
55.590325
84.419923
37.026552
72.007505
94.156923
69.952436
16.869806
81.801215
61.45696
78.836908
68.170711
99.552651
69.802416
71.815863
18.620351
83.296927
15.959805
82.095196
44.312924
74.208967
11.156754
11.192492
11.381641
93.40397
19.786101
61.904397
90.703706
8.888685
44.016241
60.263002
100.118199
79.631483
32.688225
22.016996
49.362748
49.108009
97.001938
5.241073
99.533819
98.238982
52.293739
63.552364
31.497194
16.579237
69.384804
86.819416
86.97604
40.473043
17.620371
24.358241
20.00536
3.672231
70.92136
9.375808
79.540172
73.487591
50.41468
95.576681
52.556318
25.723456
48.293692
87.632463
70.642677
53.198046
96.279618
36.19424
52.259682
50.98642
80.458951
46.532776
40.635558
6.422698
43.31383
86.163142
56.672209
56.329894
77.704996
11.903959
69.124676
88.683097
19.046246
34.99184
79.276621
27.756898
10.496835
52.175863
37.752223
50.827629
26.988725
100.732984
33.60205
2.071628
72.177425
14.897725
17.638543
100.215865
4.753397
86.468513
65.057068
10.425124
32.991762
71.81142
73.67151
54.088881
56.767896
66.194781
21.824715
10.283337
34.447022
29.26694
19.483208
77.215582
58.780646
94.755671
70.717931
28.870139
28.646039
0.987204
5.638897
13.415971
13.862365
43.411151
29.417561
39.489162
2.65174
36.729817
61.268197
15.748981
91.729524
50.751718
53.709109
85.171648
26.829592
11.763571
22.346002
80.874704
40.78165
84.77513
24.273423
75.011549
42.440706
77.457846
35.115895
51.468949
100.127858
20.426556
42.989312
79.06959
65.076738
5.133488
72.364668
12.4271
53.690118
25.362739
67.419221
91.517671
29.393535
84.418141
91.882239
29.835219
86.498067
92.4145
82.374473
59.906405
54.378998
90.447986
35.625648
95.522658
81.289507
39.304374
69.689614
42.500523
43.456352
71.403029
0.302755
20.036558
11.705886
83.976705
85.981264
69.441173
62.121806
3.547564
59.97029
10.629109
85.691453
46.256218
38.817927
53.287845
87.452318
85.479413
89.788465
28.41955
49.553176
58.626553
70.711603
50.075696
73.30494
18.375249
38.031374
27.394411
98.44048
26.376101
45.489286
48.137618
83.097556
53.17379
6.897629
26.447434
44.962903
27.785611
69.630999
83.895855
98.011607
36.159833
46.556715
81.500501
18.351032
91.152852
61.886593
75.528032
57.347873
64.991075
18.397495
9.480203
54.004936
86.863766
10.159734
91.87685
10.060083
53.606847
39.793312
52.184643
2.322103
92.034429
25.979832
15.943038
56.285337
4.560523
100.896681
62.693306
11.560739
98.529826
97.94938
46.573639
55.385278
84.862372
85.705144
2.722538
89.837468
79.166491
9.694075
81.232544
33.246609
23.260731
3.136239
27.002287
89.047114
8.497596
4.308067
6.558798
94.521789
97.033251
22.538666
60.265824
78.349135
41.04571
4.852689
93.228564
74.601014
52.333944
19.659714
20.869636
64.038411
44.219304
91.892748
85.19169
3.840983
48.034233
74.363978
89.458448
41.808493
65.915276
28.434007
62.075975
36.574402
86.573234
85.663554
90.082673
46.67488
75.463537
14.597155
94.762232
50.829163
24.325094
74.393188
84.188262
97.225248
57.47735
51.738114
72.537763
16.035604
98.730859
36.292263
59.035816
3.584437
85.759848
55.780658
25.830696
92.039563
86.8641
81.265944
24.41732
89.629447
82.0981
38.803707
73.397163
30.536331
7.09453
100.383952
25.656806
13.625591
42.02026
72.397095
1.405737
39.081592
36.801735
29.603365
8.80166
25.113794
52.172286
18.278014
48.267174
39.511946
90.521459
27.950764
91.216975
48.66815
53.989064
97.543608
55.257996
91.884385
78.987688
51.442081
18.172762
14.133744
63.635329
92.968532
52.368334
6.571528
88.130077
88.318663
29.037508
23.700112
24.899153
14.268759
70.245785
26.025618
57.157682
76.961502
49.480285
95.483999
49.567269
55.031724
50.230909
68.14851
81.812208
18.288955
52.809829
28.440067
43.60948
9.674499
47.075264
79.655236
23.552784
22.344388
16.970507
74.780631
60.571776
9.133464
22.073181
15.863901
50.324524
38.012163
25.194799
35.378735
56.067766
66.921832
52.368886
45.448323
48.607784
15.562239
3.849167
76.969782
83.704044
86.930574
25.289013
73.85776
76.793354
37.752826
27.500691
1.156145
28.720859
26.279109
97.255083
90.93047
21.33287
96.343592
56.473405
58.686402
15.563179
70.153206
84.440509
5.694019
61.617965
79.293547
64.208164
92.9395
94.074663
11.346648
29.358612
11.005707
43.916249
2.000307
95.050969
72.961211
43.663933
100.573549
10.332478
7.853464
27.658084
47.790286
32.147678
71.080821
25.541958
16.476347
40.353217
90.168711
44.836515
24.209912
2.295777
71.885259
25.047833
97.483399
14.444088
85.133484
48.631071
64.660977
36.603411
50.968763
32.569835
19.429119
60.562558
84.059712
88.334021
97.977142
33.536698
34.614722
25.754376
